-9.566993000000000025e-02 6.383429999999999833e-03 6.186310000000000420e-03
-4.309548788162670396e-03 9.904481300915717393e-04 2.763850082934419389e-02
2.886599602058968761e-02 5.060741265246652444e-03 2.988926524091069931e-02
5.282457174032170744e-02 3.656667432496309763e-03 2.976587093774830939e-02
-1.740453184896698091e-03 4.915890455175729590e-03 2.854686833230966371e-03
3.166760292682201799e-02 6.910045638226580168e-03 -3.139070914806978314e-03
6.118958110892091379e-02 5.296203688219680225e-03 -8.223195065147379662e-03
-2.758756014311714022e-02 -3.455079001915166599e-03 -3.658043707398074551e-02
-4.216030709765093004e-03 -3.370161102936017339e-03 -5.374914118630068349e-02
1.169534738124410750e-02 -4.063248534482255536e-03 -6.411001359441309555e-02
-1.304996533228379441e-02 2.383188971765487149e-03 -2.077550577752798611e-02
2.130747210570738820e-02 4.891351749852296954e-03 -2.696223449092262359e-02
4.692908104927590723e-02 3.052442037702030563e-03 -3.527797656324600101e-02
-7.131095828650169111e-02 -9.312410298090066652e-03 3.228767192611108755e-02
-4.962975927996170211e-02 -8.328149123544296289e-03 5.845935203226956811e-02
-2.338915973459209860e-02 -1.474484092532101637e-02 7.561327291994303368e-02
7.179995084886742207e-02 4.556283131645104054e-03 2.941135820058374609e-02
8.267875748565460536e-02 8.542958086356381917e-03 -1.163990174377970560e-02
2.790088440601501060e-02 -2.560135735728781559e-03 -7.391415668052739307e-02
6.774513939909379556e-02 6.375474468918116040e-03 -4.157473527214242126e-02
-6.490152622604446198e-03 -1.651036803753828941e-02 9.111509451113083968e-02
