0.6592580676078796 0.03562048077583313 -0.06003492698073387
0.7593213319778442 0.026908177882432938 -0.04108070209622383
0.7908743023872375 0.029075317084789276 -0.038086991757154465
0.8131388425827026 0.02676781825721264 -0.03798551484942436
0.7666580677032471 0.02926560863852501 -0.06398846209049225
0.7968713045120239 0.030087992548942566 -0.06797321885824203
0.820099949836731 0.028145235031843185 -0.07202906906604767
0.7416583299636841 0.021158555522561073 -0.10307058691978455
0.7567893266677856 0.02007937990128994 -0.11488906294107437
0.7720695734024048 0.01848291978240013 -0.12598034739494324
0.7548449039459229 0.02636103890836239 -0.08694358170032501
0.7824382781982422 0.02783695049583912 -0.09212075918912888
0.8049388527870178 0.02643442153930664 -0.09912694245576859
0.6990519165992737 0.01796989142894745 -0.035030532628297806
0.7158030271530151 0.018903698772192 -0.01056605949997902
0.7360471487045288 0.013819055631756783 0.004684895277023315
0.8384597301483154 0.027719072997570038 -0.038337189704179764
0.8473552465438843 0.031906791031360626 -0.07773692905902863
0.7903677821159363 0.020249946042895317 -0.13661859929561615
0.8294320106506348 0.030296673998236656 -0.10581648349761963
0.7591283321380615 0.012952183373272419 0.028306422755122185
