-0.6612730622291565 0.03868069499731064 -0.06021127477288246
-0.759321391582489 0.026909157633781433 -0.04108024016022682
-0.7908740639686584 0.029075853526592255 -0.03808613121509552
-0.8131386637687683 0.0267690047621727 -0.037983790040016174
-0.7666581869125366 0.02926701121032238 -0.0639897882938385
-0.7968713045120239 0.030089454725384712 -0.06797470897436142
-0.8201001882553101 0.028146086260676384 -0.07203038036823273
-0.7416591644287109 0.02115897461771965 -0.10307221114635468
-0.7567899227142334 0.02007938362658024 -0.11489003896713257
-0.7720704078674316 0.018482789397239685 -0.1259806752204895
-0.7548454999923706 0.026362327858805656 -0.08694598078727722
-0.7824383974075317 0.02783799171447754 -0.09212308377027512
-0.8049390912055969 0.02643498405814171 -0.09912774711847305
-0.6990503668785095 0.01796797662973404 -0.035028573125600815
-0.7158015370368958 0.01890197955071926 -0.010564595460891724
-0.7360476851463318 0.013819629326462746 0.004684913903474808
-0.8384593725204468 0.027720633894205093 -0.03833383694291115
-0.8473542928695679 0.031906623393297195 -0.07773871719837189
-0.7903695106506348 0.020250551402568817 -0.13661549985408783
-0.8294332027435303 0.030297288671135902 -0.10581327229738235
-0.7558686137199402 0.015093368478119373 0.030317062512040138
